119
149
184
247
905
654
254
351
408
775
910
134
215
223
162
554
325
108
738
422
155
186
449
310
797
336
937
878
599
304
899
457
547
453
510
705
902
951
855
424
447
198
554
809
121
826
376
822
598
575
872
658
717
526
985
872
901
825
245
450
738
225
257
899
413
433
313
468
950
790
363
238
530
134
264
392
723
953
670
199
750
453
490
670
944
458
897
467
838
445
387
812
876
187
592
960
526
665
686
970
845
279
985
173
400
754
581
293
482
352
875
382
548
304
943
454
400
746
482
914
234
700
109
590
852
546
812
230
933
712
313
258
399
143
721
720
481
144
590
609
300
609
903
430
318
705
977
183
357
383
178
635
186
141
736
562
434
447
461
787
851
516
238
412
364
746
443
424
806
455
340
489
271
379
114
713
572
172
182
955
744
864
995
627
933
878
116
154
230
830
240
475
175
287
333
292
148
467
487
569
647
966
190
804
861
899
237
780
499
825
199
944
931
441
472
333
196
382
704
484
748
469
903
535
546
686
957
558
327
102
890
490
867
491
326
430
612
995
215
898
527
179
140
645
183
703
290
454
134
120
141
795
444
811
381
951
951
606
439
703
254
904
135
744
714
596
222
923
230
398
336
721
887
888
816
442
872
809
520
270
949
493
136
219
606
505
967
587
567
789
827
565
667
804
143
446
777
606
768
147
393
869
609
902
444
687
544
287
346
180
970
148
557
841
918
245
434
597
287
390
310
992
773
906
883
478
337
150
708
881
400
167
336
603
109
996
849
395
496
224
398
971
300
317
775
104
822
907
861
886
224
205
146
315
132
517
294
931
981
569
186
209
692
973
310
785
112
869
943
642
468
434
398
951
207
581
758
271
118
391
745
705
934
571
730
886
749
438
365
742
943
982
536
146
842
327
541
182
723
630
773
766
320
684
299
183
230
867
619
591
288
104
375
601
126
557
564
576
212
853
206
620
159
567
789
716
479
652
720
830
280
582
948
468
623
633
922
447
657
420
826
923
298
146
995
871
351
319
104
443
381
107
318
104
298
945
650
583
411
876
970
654
137
483
911
416
415
551
865
260
708
280
390
818
548
877
890
790
693
540
115
626
944
642
966
658
863
979
450
423
402
675
653
549
654
782
115
718
714
598
